39095
40357
55189
45573
23666
56260
55601
47538
49551
60017
5979
48124
9961
47109
33766
29876
55114
10566
60303
1455
28822
52861
61543
14628
1446
32777
54794
10244
19814
11412
28654
46198
21493
61439
1020
36879
26216
53638
14354
13513
58689
60891
38610
11735
28054
65307
626
52201
21162
5402
41681
19938
47773
21602
51598
11714
13801
60959
43783
36699
19534
28406
6363
22045
65339
31419
2375
40659
33669
4013
16789
56263
40754
16665
84
39890
60843
51116
51436
47512
25112
55619
11630
54727
24092
848
36725
16348
38891
38306
44500
56088
26409
57441
34065
54047
18727
47935
37897
43846
64616
40308
14258
5998
17881
58031
14302
15233
43410
39049
11934
10600
20911
34513
33680
25356
21041
49972
53034
37080
3342
31463
40836
45914
57278
10979
31494
43686
32851
64932
17769
46525
40208
46107
45979
25156
56271
25395
37577
34576
16169
28595
20740
13575
5157
56416
27225
53180
50377
355
18094
41975
32785
46421
21129
42232
26456
26435
693
27406
33229
33444
18215
63018
53505
4597
12394
3836
37770
6022
8981
51137
44315
42409
35249
38095
50113
52358
7789
41729
28992
60466
28192
33076
52047
37394
23683
20609
61082
30927
10759
36628
27796
34449
44202
10591
54355
15994
13003
59343
47125
19457
28595
2416
52539
57790
8510
2403
10328
9547
2937
13032
19446
57216
56802
61731
17397
63416
29958
16959
27227
47665
17981
37868
39442
43329
8458
42837
31190
16216
36259
9960
31438
63658
6604
63254
988
40808
48944
15957
49734
55444
4289
53025
747
33360
4554
20954
27195
35588
356
62263
3459
31553
12892
51309
23442
14087
25111
49764
1570
16009
17344
18367
9754
30308
61200
8261
42031
50323
5863
42437
55910
26009
53925
29891
54106
5462
2372
33998
16037
5260
19836
29485
30689
53203
2710
21803
64704
53918
2151
61329
40889
41313
34428
12669
13605
46370
59645
10163
35225
51443
20864
52487
5904
58200
39218
35596
13394
29324
17539
30132
48181
42860
61822
15270
23047
12175
58546
64928
35613
32
7261
14277
54303
4258
20842
14942
53401
29464
39208
23220
26127
61014
46279
43586
5647
11267
15267
10532
54864
15809
40617
47719
63401
2302
58552
44008
3619
26302
1400
6729
57983
4341
63539
29207
45552
61838
8964
33812
12374
62703
33419
12739
17775
2551
1821
25361
35744
43381
39157
25823
30681
50733
34028
52169
25525
55686
48479
44544
42458
22561
4894
19401
32387
61640
63239
50952
63488
53240
21068
12584
25136
48886
57290
14844
50651
24269
12386
3113
26212
17061
7529
10879
3860
6402
2762
22434
47676
64999
40283
1214
60706
4028
50345
26381
37137
21366
28897
64716
55664
14678
33151
62300
62889
53073
22144
59302
34068
2273
38880
57846
30820
59922
54545
7541
51300
50432
23336
11141
2697
51800
19469
49853
57883
42671
36450
6764
56783
50177
33729
3203
54988
35028
44475
29452
3238
55601
6025
53680
17103
31134
48949
31299
9473
19774
35675
551
23042
52995
1667
14515
27789
28174
64798
27234
8682
30723
52023
52169
55962
5252
10660
32901
11297
9318
23462
3987
20783
258
60492
54835
14359
34080
39485
28373
37878
9497
30618
12458
11416
22426
44571
12536
55572
8182
17477
14045
51859
9855
58155
12215
38152
44834
7060
7066
21530
43737
24863
30889
20516
39324
45316
43001
9120
32909
9211
275
59726
42870
63118
37005
55512
29078
35862
15506
42755
35940
46610
3629
20944
62331
61116
6553
56536
18425
429
18757
8217
37605
52194
41163
47356
25209
48137
17655
35619
61793
45188
13989
607
39290
53491
40340
31259
43420
22704
18704
11662
962
46523
39970
53490
59052
22353
1220
13172
28692
28714
55038
58706
47936
25909
34964
635
50915
45597
54744
45498
19906
31720
61207
14275
33556
36613
62848
22006
48822
3171
28983
2936
59975
61407
5726
17842
18172
62623
54946
103
35167
12654
30332
16100
27569
21137
25384
62572
40489
18357
30326
49976
19923
63007
29306
42068
33640
22799
61131
22742
3050
65298
64993
37701
59559
601
10584
18451
58459
10008
22997
35543
39830
23820
35056
58608
18206
21324
37776
38494
60624
28481
26467
46212
19971
19438
63751
28964
17990
58610
47215
59291
8903
58418
32736
56444
24003
53507
36445
46390
45711
28497
62038
14336
35385
48086
45899
6331
44706
6979
801
861
9923
29815
10344
22771
16995
44244
43968
42616
39577
61616
33444
34353
5878
9203
33503
63964
37213
1923
51857
53049
13575
622
2713
36527
11131
63714
47997
9662
5532
19078
20694
41641
29320
33952
64519
11423
47862
52726
40469
449
10717
51703
12453
54058
64210
4459
22856
54422
10189
18453
38644
21005
15277
56205
47535
32698
49209
8086
11965
30666
50886
33278
22973
17780
28018
9182
21501
21447
30977
10756
16512
20634
53388
25256
4977
22615
3317
32196
33058
11402
22187
34643
29027
64850
28856
51758
8808
29562
19689
59059
20675
50714
39487
5402
39503
43418
61646
3958
42694
20260
5474
32296
52269
53434
6033
29285
11660
45157
5835
10332
8690
15743
23177
5378
54935
4913
14206
64924
2931
40008
21386
18524
54288
54128
7333
55417
59608
57691
22557
3358
11804
58692
14300
1004
10138
5367
20158
9496
32707
33140
31783
35836
9122
35165
44448
53721
42283
19508
23622
36188
12419
3571
28315
59173
56108
17200
42786
36241
2263
8214
51264
10051
3706
49381
57198
59431
50230
61242
51259
54909
57069
52401
31695
35061
24159
18279
32646
4686
10653
49188
5403
32400
52335
6716
19721
49175
49900
889
59519
27485
38751
27649
63402
54869
26529
17488
15266
32483
62729
57211
46326
23215
53931
4851
8468
27732
25467
63607
60891
44638
21326
17374
54172
50792
56406
29264
36642
43455
13745
52288
24376
17414
53371
46310
63383
38671
52755
4526
38625
46158
15953
34746
8729
21422
64814
52819
26208
54279
24403
41012
32256
48727
37511
48178
26574
51591
39870
36163
1159
8244
1963
13159
17548
51082
44432
53211
32313
28101
44445
51307
53700
15004
7718
42236
38778
5100
35829
49348
2252
61449
37931
9040
22469
33954
57206
58809
62450
55407
47545
54152
52000
56869
23578
54747
26766
25450
56509
55291
12779
54954
5333
30597
61284
62711
52761
3393
55054
36311
12692
38834
36012
41099
60950
19136
49438
1166
27192
4530
12625
10475
50948
3946
53003
49887
37778
5546
32571
16208
4414
